$ANSIBLE_VAULT;1.1;AES256
38356165316162373661326138356363313166653436643566666539346338353563353336336262
3539366264393364373430336365323032323733663461300a336637346462396461363033376333
33353333333462383066303637653235333632633562356232326363383834646239666535663539
3334363564333861360a326465393734666138306638323937376362376365383930343561613666
38306238323038643239656137633065643161383630663038376236313236633735343737366439
34363130393032353631643333303166323237623534356237643236373062383565343838306261
31363461656565386661633839373439626138626636313838343164306533343237316630343366
37613861333336353263313030336638363961363763633335323435363632383037646665376464
35626233333537626266636434613030363861396335666461663630303632333039303239333366
36653638333237633633316234303733333765663038656532303330383830616162663230616464
37346136346333303931333661656463303735383166393465303836366463343530646466346332
33616332363934353231396632623437346230303135353764303066336138626462636464373535
35623436643264353366306531343761336337633534616135386666313132316233333337333236
38613333323033343662666534623239343463333263613933623536623564633937373262653062
32636539306634616663633466346632663833396533653533366531393665643437353265303061
32316664333536623235363663643633316466646265363139323037633563613536356637343162
35643435616131316264663933396564313731386239356138346462393732336366616234623664
34663235663233373466376433656261313932396335313264316132623330623437393634373130
30613835656662656132306335623666303236376636653665343664363863633632376238663865
66343938353434626636396261336234316366326336396138323638393833376431323462386639
36663731366336373832323134333930616463623139336261336131376337353162633133633562
36336261363965616265303838326539653734613736643431616364666132336431663765323461
64643165316663313566623439333339663662336561333166343931336135343432346630393663
62363437353135366238353463656439633564666537636236656662663331313532393633653834
63646333333230353730616266646164636465666638323639633030613434666661623830353863
30313130643365356431616362396432306362336663356632313535663534396234666132356262
35363662303632613437663433643666346437343461366337383763356533363138346230623738
39613836356564353465636661626464643035336563383538623834663062316333373365613931
37626335366435396235363465373339643235636639303634636262386534316337646162303436
61656462356139663833613332633731646537323735616666396231336264613166356533303236
61656663626539663561386434393665646166346234333833343235393532396563363936376430
32623832353265323464643166306364376266323731656464303462353834643461303131653262
65363831613833666239653235323861363162316365363963623937316665396465336536346165
34303864333461633832646564333838353335393665653664636264303130396561323763636265
63643862336365313130326136326430346134623262346162376664343436653966623938653437
32333963336562646237643961646135333962313837396266303062663961323561356434666433
39316363336361333731376533633236343331376633333337306630353032363130613030303433
39396332373638643931363639356439613830633035373961336533643130363464303762323961
35626430393233383538386138636636653437386535303832646532386631376361353763316535
66373738313734306537306331633430313764343930383738386332623837643766396535393836
64316462363836613038373237393335616536653139363661633931393836666332626233396432
61393862663331653031666465356664666430393462633839366666326638666265383065663432
33363963306135396631323536373964303631346366383634313538306530656538316366356439
39343865623834333963626339613031373939656236643435343461666164386539323939666262
39323235633932616330613961393530313536616437383236376138353634303333303061633561
66373838303936316237343638663632316136363162613964363937383835313362373961356562
31383339333763613538616262626462623961613435383964636262623063383333366131383837
34363362646339356163656530646564343436343961353233326431633332613162623034653762
34616133373033613566323538613231613631663263356262343534653033336438343538323831
65623466646138356635333163343830616362366339336439323435333836376533373164393132
65363937646236633734613963353965666264343738313930383539613431643034343661306162
39633064663564653933396138373963623335646261336235303437353637613339623034356434
62653839316232353638303564663837626361613332633366313037363135613262383333333032
37316638333239663739663633346162656436383937666439343738373736616435636535326539
62383830383031656565666335643138656363316535646262323031373037643535363830363961
34313439383163343165623732613536396664616666393935323166303236333839646134626530
36666130386532383831303338653632373537636664646366376436346533376161343939643166
62663036333336346462303130333265343136366162633436653163343235306638616663303638
31656138333263626234303435626139393132336663383763383932303332303364353033366165
33366338323631333065386665383762313963666665663462326166396365653362383332356565
38353535616337313935383237623366363235633232313363386266313439636466306134643438
34616261653138666666346134386162613862313338616666613538666262386431636638643063
61666435343031636432326237343034613361316333623763353237373331373537626366633531
65326236326132646632663461626435666364656139663766323835373462376339626563383166
33363665383731383838373265336634356234363230613537353939313436353839616135356335
66613534383962376134383032633536633931393330396139646363373430646538613631633465
35353466383731363436343863383133626361306134653437316432346233653235323662336561
35653865643137656464653030353439333431343031393165353164346230646563363764303935
31633739616636343639663862303431313466333038633830303334323137663737363631333661
63333266666333383536353838356334383664613462633437353733653135373366646632636165
35376236313063626563356631396632626562353139643365373663393163336237366434303663
39386533313835373966346438306235383239616333373238353832646435613433616462393466
38316662643937623666653339636138373633373033313163386136616662626637386439623834
30646130373365363737663138343663306239646339323566383566303162363635643463303532
33666539346465386634333133306134353761303965353435636633613262336463383631633161
61653031666336313434323133373361373335316333323231326434333634613431366430353563
38373237313433626563396638336534653730333137306338303337326635336634636137343164
35393233386531373136353463313066386236366362356531316563623565313034323366373633
32323465623664663430363763306339386131646662643136356638643532353765313362353163
62336531363038636630393235383262616332326433653231393563313430313336313564616631
39376561366262363430623832303666313462363436323132363961366166666662633237616132
34663062393462303464383132393835656335373632633162323132313033373637373966333030
35323166386430323734666361373333393739633862393064663561323935353466616132333134
36633065323039633733633230373930623963303935633735323863653633396632366135376234
66383631313138663963376433366135373235393163376432323963353864316664353265623865
64333364643639326261356130333738623430623264646333616134636530373563626236303630
32643063303433346335633934633439333339633464303132303235303265303361316565396464
35396535383962306566316435306465303830323035623339323639303463663635356530326433
66393936366461396232363237326632636366623562316166393236363364393739
